# Created by Octave 6.2.0, Sun Jun 27 12:41:43 2021 GMT <unknown@DESKTOP-RB2KP7M>
# name: u
# type: matrix
# rows: 24
# columns: 2
 849.90967944677607 893.64968850980949
 863.63586889966791 875.27238683455437
 859.54510663705571 842.44898792414972
 837.26903437409726 797.87219923025293
 820.55844676115362 742.19237048093032
 807.09285180277163 679.53062468999758
 779.4639989216397 623.13385404138899
 734.45806846565029 579.98455161876836
 679.48993624634466 543.69430305884441
 626.23133497226945 538.66109792026077
 572.83140904700997 531.90329780503691
 514.54367823118992 518.60504698564364
 461.6959488852408 527.37980841860281
 405.50453713824783 538.41050113106417
 345.85193916194595 534.33138961080874
 283.96178440473722 536.01837815683916
 228.681907948494 521.35780988558508
 184.8752565554602 484.48837413134538
 158.62051762925722 430.71678847212456
 138.11708039367809 368.94372449013599
 145.51799536441871 315.52688034341645
 146.54914286644055 263.776162414184
 145.55272300944668 206.0546125853613
 130.28832741451589 147.54857762355101


